# yamllint disable
end-of-epoch: true
error: 0.00800000037997961
loss: 0.021112218099005986
unixtime: 1743397401.0565345
